EMU8086 GENERATED LISTING. MACHINE CODE <- SOURCE.
 
Try sound.bin -- emu8086 assembler version: 4.03  
 
[ 24/05/2016  --  15:09:42 ] 
 
===================================================================================================
[LINE]     LOC: MACHINE CODE                          SOURCE
===================================================================================================
 
[   1]        :                                       ORG 07c00h
[   2]        :                                       
[   3]    7C00:                                       etiq:
[   4]    7C00: E4 61                                 in al, 61h
[   5]    7C02: 50                                    push ax ;Save state of port 61h
[   6]    7C03: BB A2 1A                              mov bx, 6818; 1193180/175 175 is the frequency we want to heard
[   7]    7C06: B0 6B                                 mov al, 6Bh  ; Select Channel 2, write LSB/BSB mode 3
[   8]    7C08: E6 43                                 out 43h, al
[   9]    7C0A: 8B C3                                 mov ax, bx
[  10]    7C0C: E6 42                                 out 42h, al  ; Send the LSB
[  11]    7C0E: 8A C4                                 mov al, ah
[  12]    7C10: E6 42                                 out 42h, al  ; Send the MSB
[  13]    7C12: E4 61                                 in al, 61h   ; Get the 8255 Port Contence
[  14]    7C14: 0C 11                                 or al, 00000011h
[  15]    7C16: E6 61                                 out 61h, al  ;End able speaker and use clock channel 2 for input
[  16]    7C18: B9 13 00                              mov cx, 13h ; High order wait value
[  17]    7C1B: BA 04 0D                              mov dx, 0D04h; Low order wait value
[  18]    7C1E: B4 86                                 mov ah, 86h;Wait service
[  19]    7C20: CD 15                                 int 15h
[  20]    7C22: 58                                    pop ax;restore Speaker state
[  21]    7C23: E6 61                                 out 61h, al
[  22]    7C25: CD 20                                 int 20h
[  23]        :                                       
[  24]        :                                       
[  25]    7C27:                                       boot:
[  26]    7C27: 00 00 00 00 00 00 00 00 00 00 00 00   db 510-(offset boot-offset etiq) dup (00h)
                00 00 00 00 00 00 00 00 00 00 00 00 
                00 00 00 00 00 00 00 00 00 00 00 00 
                00 00 00 00 00 00 00 00 00 00 00 00 
                00 00 00 00 00 00 00 00 00 00 00 00 
                00 00 00 00 00 00 00 00 00 00 00 00 
                00 00 00 00 00 00 00 00 00 00 00 00 
                00 00 00 00 00 00 00 00 00 00 00 00 
                00 00 00 00 00 00 00 00 00 00 00 00 
                00 00 00 00 00 00 00 00 00 00 00 00 
                00 00 00 00 00 00 00 00 00 00 00 00 
                00 00 00 00 00 00 00 00 00 00 00 00 
                00 00 00 00 00 00 00 00 00 00 00 00 
                00 00 00 00 00 00 00 00 00 00 00 00 
                00 00 00 00 00 00 00 00 00 00 00 00 
                00 00 00 00 00 00 00 00 00 00 00 00 
                00 00 00 00 00 00 00 00 00 00 00 00 
                00 00 00 00 00 00 00 00 00 00 00 00 
                00 00 00 00 00 00 00 00 00 00 00 00 
                00 00 00 00 00 00 00 00 00 00 00 00 
                00 00 00 00 00 00 00 00 00 00 00 00 
                00 00 00 00 00 00 00 00 00 00 00 00 
                00 00 00 00 00 00 00 00 00 00 00 00 
                00 00 00 00 00 00 00 00 00 00 00 00 
                00 00 00 00 00 00 00 00 00 00 00 00 
                00 00 00 00 00 00 00 00 00 00 00 00 
                00 00 00 00 00 00 00 00 00 00 00 00 
                00 00 00 00 00 00 00 00 00 00 00 00 
                00 00 00 00 00 00 00 00 00 00 00 00 
                00 00 00 00 00 00 00 00 00 00 00 00 
                00 00 00 00 00 00 00 00 00 00 00 00 
                00 00 00 00 00 00 00 00 00 00 00 00 
                00 00 00 00 00 00 00 00 00 00 00 00 
                00 00 00 00 00 00 00 00 00 00 00 00 
                00 00 00 00 00 00 00 00 00 00 00 00 
                00 00 00 00 00 00 00 00 00 00 00 00 
                00 00 00 00 00 00 00 00 00 00 00 00 
                00 00 00 00 00 00 00 00 00 00 00 00 
                00 00 00 00 00 00 00 00 00 00 00 00 
                00 00 00                            
[  27]    7DFE: 55 AA                                 dw 0xAA55
[  28]        :                                       
 
===================================================================================================
 




===================================================================================================
